0.001
0.001
0.001
0.001
0.001
0.001
0.001
0.001
0.11372727272727272
0.001
0.001
0.001
0.001
0.001
0.015090909090909089
0.001
0.001
0.001
0.001
0.42372727272727273
0.001
0.001
0.001
0.001
0.07145454545454545
0.001
0.001
0.001
0.001
0.001
0.001
0.001
0.001
0.001
0.001
0.001
0.001
0.09963636363636363
0.001
0.001
0.001
0.001
0.001
0.001
0.001
0.001
0.001
0.11372727272727272
0.001
0.001
0.001
0.001
0.001
0.001
0.09963636363636363
0.001
0.001
0.001
0.001
0.001
0.001
0.001
0.001
0.001
0.001
0.001
0.001
0.001
0.001
0.001